{
	"class_name" : "PoseGraph",
	"edges" : 
	[
		{
			"class_name" : "PoseGraphEdge",
			"confidence" : 1.0,
			"information" : 
			[
				57747.730441400767,
				-158.91262219533701,
				-7605.8951754922609,
				0.0,
				-155608.52011407912,
				16748.214685903695,
				-158.91262219533701,
				64145.372199737663,
				-5634.2806575766581,
				155608.52011407912,
				0.0,
				-27042.538596547896,
				-7605.8951754922609,
				-5634.2806575766581,
				16731.583909628429,
				-16748.214685903695,
				27042.538596547896,
				0.0,
				0.0,
				155608.52011407912,
				-16748.214685903695,
				472417.0,
				0.0,
				0.0,
				-155608.52011407912,
				0.0,
				27042.538596547896,
				0.0,
				472417.0,
				0.0,
				16748.214685903695,
				-27042.538596547896,
				0.0,
				0.0,
				0.0,
				472417.0
			],
			"source_node_id" : 0,
			"target_node_id" : 1,
			"transformation" : 
			[
				0.99128476027929957,
				0.016998594354747036,
				0.13063526257475733,
				0.0,
				-0.01968260277164181,
				0.99962032557868663,
				0.019282111868117614,
				0.0,
				-0.13025789490908676,
				-0.021685305622093778,
				0.99124297139194384,
				0.0,
				0.015558030930799212,
				0.0018878397525596848,
				-0.031118988186029484,
				1.0
			],
			"uncertain" : false,
			"version_major" : 1,
			"version_minor" : 0
		},
		{
			"class_name" : "PoseGraphEdge",
			"confidence" : 0.91457424865634918,
			"information" : 
			[
				28828.621757707831,
				-591.79548694660173,
				-5093.6042400984961,
				0.0,
				-81565.436865463853,
				13011.663382623563,
				-591.79548694660173,
				30182.883839689766,
				-4294.8268207786823,
				81565.436865463853,
				0.0,
				-19557.868010209262,
				-5093.6042400984961,
				-4294.8268207786823,
				7649.3099057464415,
				-13011.663382623563,
				19557.868010209262,
				0.0,
				0.0,
				81565.436865463853,
				-13011.663382623563,
				265044.0,
				0.0,
				0.0,
				-81565.436865463853,
				0.0,
				19557.868010209262,
				0.0,
				265044.0,
				0.0,
				13011.663382623563,
				-19557.868010209262,
				0.0,
				0.0,
				0.0,
				265044.0
			],
			"source_node_id" : 0,
			"target_node_id" : 5,
			"transformation" : 
			[
				0.99046712349664001,
				-0.13744313061048877,
				0.009179494554689846,
				0.0,
				0.13387737374109621,
				0.97617545389465854,
				0.17075810965732724,
				0.0,
				-0.032430326431880131,
				-0.16790136706276429,
				0.98527021921195657,
				0.0,
				0.035496585149063245,
				0.10119019213053153,
				-0.042742329107763218,
				1.0
			],
			"uncertain" : true,
			"version_major" : 1,
			"version_minor" : 0
		},
		{
			"class_name" : "PoseGraphEdge",
			"confidence" : 1.0,
			"information" : 
			[
				52183.883689216476,
				139.26875496234908,
				-5551.343485706434,
				0.0,
				-148549.59791788459,
				16249.696814428826,
				139.26875496234908,
				59226.316829549171,
				-5220.3245751932709,
				148549.59791788459,
				0.0,
				-21734.482360184891,
				-5551.343485706434,
				-5220.3245751932709,
				16407.099216386028,
				-16249.696814428826,
				21734.482360184891,
				0.0,
				0.0,
				148549.59791788459,
				-16249.696814428826,
				476041.0,
				0.0,
				0.0,
				-148549.59791788459,
				0.0,
				21734.482360184891,
				0.0,
				476041.0,
				0.0,
				16249.696814428826,
				-21734.482360184891,
				0.0,
				0.0,
				0.0,
				476041.0
			],
			"source_node_id" : 1,
			"target_node_id" : 2,
			"transformation" : 
			[
				0.99835749596953416,
				0.017055814833908747,
				0.05469377863882207,
				0.0,
				-0.017857796645132179,
				0.99973958129296392,
				0.014208050364131884,
				0.0,
				-0.054437205479544594,
				-0.015161423960829703,
				0.9984020842741953,
				0.0,
				0.020703178480991728,
				0.0035577829914603806,
				-0.031038550932073715,
				1.0
			],
			"uncertain" : false,
			"version_major" : 1,
			"version_minor" : 0
		},
		{
			"class_name" : "PoseGraphEdge",
			"confidence" : 1.0,
			"information" : 
			[
				50984.432401043203,
				242.44351721969213,
				-6203.0797300942313,
				0.0,
				-151232.7064460963,
				16320.906607850618,
				242.44351721969213,
				58442.010866244862,
				-5040.5867586794657,
				151232.7064460963,
				0.0,
				-23821.26002980155,
				-6203.0797300942313,
				-5040.5867586794657,
				16621.710851302611,
				-16320.906607850618,
				23821.26002980155,
				0.0,
				0.0,
				151232.7064460963,
				-16320.906607850618,
				503614.0,
				0.0,
				0.0,
				-151232.7064460963,
				0.0,
				23821.26002980155,
				0.0,
				503614.0,
				0.0,
				16320.906607850618,
				-23821.26002980155,
				0.0,
				0.0,
				0.0,
				503614.0
			],
			"source_node_id" : 2,
			"target_node_id" : 3,
			"transformation" : 
			[
				0.99904776013878305,
				0.0046838784108094869,
				0.043377808205508045,
				0.0,
				-0.0048761716721745724,
				0.99997874442122792,
				0.0043282393150371511,
				0.0,
				-0.043356613238404305,
				-0.0045356354326052057,
				0.99904936419564305,
				0.0,
				0.027158476412943666,
				0.0068261828762709257,
				-0.021345961937102621,
				1.0
			],
			"uncertain" : false,
			"version_major" : 1,
			"version_minor" : 0
		},
		{
			"class_name" : "PoseGraphEdge",
			"confidence" : 1.0,
			"information" : 
			[
				51798.03950467331,
				760.98523631750743,
				-3073.4839921980638,
				0.0,
				-148481.44324165583,
				25996.226462173374,
				760.98523631750743,
				55914.158001865471,
				-8306.1490124532847,
				148481.44324165583,
				0.0,
				-15631.158579461997,
				-3073.4839921980638,
				-8306.1490124532847,
				13279.01852080792,
				-25996.226462173374,
				15631.158579461997,
				0.0,
				0.0,
				148481.44324165583,
				-25996.226462173374,
				476637.0,
				0.0,
				0.0,
				-148481.44324165583,
				0.0,
				15631.158579461997,
				0.0,
				476637.0,
				0.0,
				25996.226462173374,
				-15631.158579461997,
				0.0,
				0.0,
				0.0,
				476637.0
			],
			"source_node_id" : 3,
			"target_node_id" : 4,
			"transformation" : 
			[
				0.9878851437618672,
				-0.12781314995796397,
				-0.088015574942272537,
				0.0,
				0.12795804687738158,
				0.99177144549002072,
				-0.0040172316288887584,
				0.0,
				0.08780478901473189,
				-0.0072937376191734814,
				0.9961109980406907,
				0.0,
				-0.03325412082131355,
				0.032922008953048268,
				0.017885041474981274,
				1.0
			],
			"uncertain" : false,
			"version_major" : 1,
			"version_minor" : 0
		},
		{
			"class_name" : "PoseGraphEdge",
			"confidence" : 1.0,
			"information" : 
			[
				42304.764350261066,
				-962.37005239469522,
				-5964.8294899824832,
				0.0,
				-120778.68325696886,
				21403.949545171032,
				-962.37005239469522,
				44238.60922710006,
				-6864.5055744903857,
				120778.68325696886,
				0.0,
				-23641.344919475108,
				-5964.8294899824832,
				-6864.5055744903857,
				10265.737593649013,
				-21403.949545171032,
				23641.344919475108,
				0.0,
				0.0,
				120778.68325696886,
				-21403.949545171032,
				391000.0,
				0.0,
				0.0,
				-120778.68325696886,
				0.0,
				23641.344919475108,
				0.0,
				391000.0,
				0.0,
				21403.949545171032,
				-23641.344919475108,
				0.0,
				0.0,
				0.0,
				391000.0
			],
			"source_node_id" : 4,
			"target_node_id" : 5,
			"transformation" : 
			[
				0.99858888547867719,
				-0.050573884201713659,
				-0.01620247003407034,
				0.0,
				0.048483485684891359,
				0.99269850929273451,
				-0.11044917955252603,
				0.0,
				0.021670011866545547,
				0.10950777088743455,
				0.9937496962016994,
				0.0,
				0.0018983591363911922,
				0.0098857862380507758,
				0.011309517532492618,
				1.0
			],
			"uncertain" : false,
			"version_major" : 1,
			"version_minor" : 0
		}
	],
	"nodes" : 
	[
		{
			"class_name" : "PoseGraphNode",
			"pose" : 
			[
				1.0,
				4.3368086899420177e-19,
				0.0,
				0.0,
				2.1684043449710089e-19,
				1.0,
				0.0,
				0.0,
				-3.4694469519536142e-18,
				0.0,
				1.0,
				0.0,
				-8.6736173798840355e-19,
				3.4694469519536142e-18,
				0.0,
				1.0
			],
			"version_major" : 1,
			"version_minor" : 0
		},
		{
			"class_name" : "PoseGraphNode",
			"pose" : 
			[
				0.99289697908446151,
				-0.020884870364409714,
				-0.11712988992913537,
				0.0,
				0.01441981106538527,
				0.99833928730383004,
				-0.055773976678372236,
				0.0,
				0.1181002031064641,
				0.053688822072595607,
				0.99154921835008714,
				0.0,
				-0.013008920936012001,
				-0.008466988849705516,
				0.031393638694366122,
				1.0
			],
			"version_major" : 1,
			"version_minor" : 0
		},
		{
			"class_name" : "PoseGraphNode",
			"pose" : 
			[
				0.9865867262088579,
				-0.044106102075632599,
				-0.15716641953095928,
				0.0,
				0.027549746735656102,
				0.99398380396072816,
				-0.10600570229266698,
				0.0,
				0.16089637386618968,
				0.10025392373096549,
				0.98186633899592335,
				0.0,
				-0.030328144838245794,
				-0.015528211345208622,
				0.064306374993694487,
				1.0
			],
			"version_major" : 1,
			"version_minor" : 0
		},
		{
			"class_name" : "PoseGraphNode",
			"pose" : 
			[
				0.98014522757956812,
				-0.05657399806267098,
				-0.19003872130752716,
				0.0,
				0.029758880861894578,
				0.98954783552829084,
				-0.14110099294874945,
				0.0,
				0.19603505263815058,
				0.13264412517891777,
				0.97158416732297426,
				0.0,
				-0.055789434303783143,
				-0.024072942676118567,
				0.090375189905155084,
				1.0
			],
			"version_major" : 1,
			"version_minor" : 0
		},
		{
			"class_name" : "PoseGraphNode",
			"pose" : 
			[
				0.98899833098828094,
				0.0801893347922982,
				-0.12430596079014564,
				0.0,
				-0.09800562081048686,
				0.98462942342838444,
				-0.14456762019428815,
				0.0,
				0.11080252520562658,
				0.15515981794478112,
				0.98165586195132493,
				0.0,
				-0.02760492355823501,
				-0.060212271023878577,
				0.073553301317704517,
				1.0
			],
			"version_major" : 1,
			"version_minor" : 0
		},
		{
			"class_name" : "PoseGraphNode",
			"pose" : 
			[
				0.986068397369534,
				0.1319144012042586,
				-0.10132969191702272,
				0.0,
				-0.13934788980847676,
				0.9877563172786562,
				-0.070140026247723683,
				0.0,
				0.090836563756019451,
				0.08328294201713006,
				0.99237728221375987,
				0.0,
				-0.031212302679894124,
				-0.079206450218369445,
				0.06382858642702309,
				1.0
			],
			"version_major" : 1,
			"version_minor" : 0
		}
	],
	"version_major" : 1,
	"version_minor" : 0
}